#Time(s) qlen(pkts) qlen(us)
4.00 28 33
4.01 26 31
4.02 28 33
4.03 28 33
4.04 28 33
4.05 26 31
4.06 26 31
4.07 27 32
4.08 24 28
4.09 24 28
4.10 26 31
4.11 24 28
4.12 24 28
4.13 23 27
4.14 25 30
4.15 26 31
4.16 23 27
4.17 24 28
4.18 26 31
4.19 26 31
4.20 25 30
4.21 28 33
4.22 30 36
4.23 27 32
4.24 26 31
4.25 29 34
4.26 26 31
4.27 26 31
4.28 27 32
4.29 29 34
4.30 25 30
4.31 24 28
4.32 24 28
4.33 27 32
4.34 24 28
4.35 25 30
4.36 26 31
4.37 25 30
4.38 26 31
4.39 23 27
4.40 26 31
4.41 26 31
4.42 24 28
4.43 27 32
4.44 28 33
4.45 28 33
4.46 28 33
4.47 28 33
4.48 27 32
4.49 25 30
4.50 27 32
4.51 29 34
4.52 26 31
4.53 25 30
4.54 26 31
4.55 26 31
4.56 24 28
4.57 30 36
4.58 27 32
4.59 26 31
4.60 28 33
4.61 22 26
4.62 24 28
4.63 25 30
4.64 27 32
4.65 25 30
4.66 25 30
4.67 25 30
4.68 26 31
4.69 24 28
4.70 27 32
4.71 27 32
4.72 26 31
4.73 29 34
4.74 28 33
4.75 25 30
4.76 25 30
4.77 27 32
4.78 29 34
4.79 26 31
4.80 25 30
4.81 24 28
4.82 25 30
4.83 28 33
4.84 26 31
4.85 28 33
4.86 30 36
4.87 28 33
4.88 28 33
4.89 26 31
4.90 28 33
4.91 23 27
4.92 26 31
4.93 24 28
4.94 25 30
4.95 25 30
4.96 25 30
4.97 26 31
4.98 27 32
4.99 25 30
5.00 25 30
